425999.750000 5139206.500000
428103.552427 5143310.538270
428028.914084 5141952.193640
425883.083333 5139223.166670
428326.399782 5141767.555520
425510.252582 5139078.791310
425947.624150 5139158.625850
426299.750000 5140106.500000
427837.250000 5141869.000000
425249.895266 5138955.929560
428304.869338 5142365.234350
426083.740851 5139825.635400
425199.750000 5138906.500000
426866.712650 5139870.667780
426612.543409 5139911.191840
427516.565569 5142323.092220
425606.852415 5139296.495760
425949.750000 5139356.500000
427342.891314 5140998.184020
428134.409091 5141771.840910
