636518.4375 5190960
636568.4375 5190960
636568.4375 5190935
636593.4375 5190935
636593.4375 5190860
636668.4375 5190860
636668.4375 5190785
636618.4375 5190785
636618.4375 5190760
636668.4375 5190760
636668.4375 5190685
636618.4375 5190685
636618.4375 5190635
636643.4375 5190635
636643.4375 5190610
636618.4375 5190610
636618.4375 5190585
636593.4375 5190585
636593.4375 5190535
636568.4375 5190535
636568.4375 5190485
636543.4375 5190485
636543.4375 5190410
636593.4375 5190410
636593.4375 5190335
636568.4375 5190335
636568.4375 5190310
636543.4375 5190310
636543.4375 5190260
636518.4375 5190260
636518.4375 5190185
636543.4375 5190185
636543.4375 5190160
636593.4375 5190160
636593.4375 5190210
636618.4375 5190210
636618.4375 5190160
636643.4375 5190160
636643.4375 5190135
636668.4375 5190135
636668.4375 5190110
636693.4375 5190110
636693.4375 5190085
636768.4375 5190085
636768.4375 5190060
636843.4375 5190060
636843.4375 5190035
636893.4375 5190035
636893.4375 5190010
636943.4375 5190010
636943.4375 5189985
636968.4375 5189985
636968.4375 5189960
636993.4375 5189960
636993.4375 5189935
636893.4375 5189935
636893.4375 5189860
636918.4375 5189860
636918.4375 5189810
636968.4375 5189810
636968.4375 5189710
636993.4375 5189710
636993.4375 5189510
637018.4375 5189510
637018.4375 5189435
637043.4375 5189435
637043.4375 5189410
637068.4375 5189410
637068.4375 5189335
637118.4375 5189335
637118.4375 5189260
637143.4375 5189260
637143.4375 5189185
637168.4375 5189185
637168.4375 5189160
637193.4375 5189160
637193.4375 5189135
637218.4375 5189135
637218.4375 5189110
637268.4375 5189110
637268.4375 5189060
637293.4375 5189060
637293.4375 5189035
637318.4375 5189035
637318.4375 5189010
637343.4375 5189010
637343.4375 5188985
637368.4375 5188985
637368.4375 5188960
637418.4375 5188960
637418.4375 5188910
637443.4375 5188910
637443.4375 5188885
637468.4375 5188885
637468.4375 5188860
637518.4375 5188860
637518.4375 5188835
637568.4375 5188835
637568.4375 5188810
637593.4375 5188810
637593.4375 5188760
637618.4375 5188760
637618.4375 5188735
637768.4375 5188735
637768.4375 5188710
637818.4375 5188710
637818.4375 5188685
637893.4375 5188685
637893.4375 5188660
637918.4375 5188660
637918.4375 5188610
637943.4375 5188610
637943.4375 5188585
637968.4375 5188585
637968.4375 5188560
638018.4375 5188560
638018.4375 5188535
638068.4375 5188535
638068.4375 5188510
638093.4375 5188510
638093.4375 5188460
638168.4375 5188460
638168.4375 5188435
638268.4375 5188435
638268.4375 5188410
638343.4375 5188410
638343.4375 5188385
638368.4375 5188385
638368.4375 5188310
638343.4375 5188310
638343.4375 5188285
638318.4375 5188285
638318.4375 5188260
637868.4375 5188260
637868.4375 5188285
637793.4375 5188285
637793.4375 5188310
637743.4375 5188310
637743.4375 5188360
637568.4375 5188360
637568.4375 5188285
637618.4375 5188285
637618.4375 5188210
637593.4375 5188210
637593.4375 5188160
637568.4375 5188160
637568.4375 5188135
637493.4375 5188135
637493.4375 5188110
637468.4375 5188110
637468.4375 5188085
637343.4375 5188085
637343.4375 5188110
637268.4375 5188110
637268.4375 5188085
637143.4375 5188085
637143.4375 5188110
637118.4375 5188110
637118.4375 5188210
637068.4375 5188210
637068.4375 5188235
637018.4375 5188235
637018.4375 5188210
636993.4375 5188210
636993.4375 5188160
636968.4375 5188160
636968.4375 5188135
636918.4375 5188135
636918.4375 5188085
636893.4375 5188085
636893.4375 5188010
636868.4375 5188010
636868.4375 5187985
636843.4375 5187985
636843.4375 5187960
636768.4375 5187960
636768.4375 5187935
636618.4375 5187935
636618.4375 5187960
636568.4375 5187960
636568.4375 5187935
636518.4375 5187935
636518.4375 5187960
636468.4375 5187960
636468.4375 5187985
636443.4375 5187985
636443.4375 5188010
636318.4375 5188010
636318.4375 5188060
636293.4375 5188060
636293.4375 5188035
636243.4375 5188035
636243.4375 5188060
636168.4375 5188060
636168.4375 5188085
636118.4375 5188085
636118.4375 5188110
636093.4375 5188110
636093.4375 5188135
635993.4375 5188135
635993.4375 5188210
635968.4375 5188210
635968.4375 5188385
635993.4375 5188385
635993.4375 5188435
635968.4375 5188435
635968.4375 5188510
635993.4375 5188510
635993.4375 5188535
636118.4375 5188535
636118.4375 5188560
636143.4375 5188560
636143.4375 5188660
636118.4375 5188660
636118.4375 5188685
636093.4375 5188685
636093.4375 5188710
636068.4375 5188710
636068.4375 5188735
636018.4375 5188735
636018.4375 5188710
635993.4375 5188710
635993.4375 5188735
635868.4375 5188735
635868.4375 5188760
635768.4375 5188760
635768.4375 5188785
635718.4375 5188785
635718.4375 5188835
635693.4375 5188835
635693.4375 5188885
635668.4375 5188885
635668.4375 5188935
635643.4375 5188935
635643.4375 5189210
635618.4375 5189210
635618.4375 5189260
635593.4375 5189260
635593.4375 5189310
635568.4375 5189310
635568.4375 5189485
635543.4375 5189485
635543.4375 5189560
635493.4375 5189560
635493.4375 5189585
635468.4375 5189585
635468.4375 5189610
635443.4375 5189610
635443.4375 5189635
635418.4375 5189635
635418.4375 5189660
635393.4375 5189660
635393.4375 5189735
635368.4375 5189735
635368.4375 5189785
635418.4375 5189785
635418.4375 5189960
635468.4375 5189960
635468.4375 5190035
635493.4375 5190035
635493.4375 5190060
635518.4375 5190060
635518.4375 5190085
635543.4375 5190085
635543.4375 5190110
635568.4375 5190110
635568.4375 5190160
635618.4375 5190160
635618.4375 5190185
635643.4375 5190185
635643.4375 5190210
635668.4375 5190210
635668.4375 5190260
635643.4375 5190260
635643.4375 5190310
635668.4375 5190310
635668.4375 5190360
635693.4375 5190360
635693.4375 5190385
635718.4375 5190385
635718.4375 5190410
635768.4375 5190410
635768.4375 5190460
635793.4375 5190460
635793.4375 5190485
635818.4375 5190485
635818.4375 5190510
635843.4375 5190510
635843.4375 5190535
635868.4375 5190535
635868.4375 5190560
635918.4375 5190560
635918.4375 5190635
636018.4375 5190635
636018.4375 5190610
636118.4375 5190610
636118.4375 5190635
636143.4375 5190635
636143.4375 5190660
636168.4375 5190660
636168.4375 5190685
636218.4375 5190685
636218.4375 5190710
636268.4375 5190710
636268.4375 5190760
636368.4375 5190760
636368.4375 5190810
636393.4375 5190810
636393.4375 5190835
636418.4375 5190835
636418.4375 5190860
636443.4375 5190860
636443.4375 5190910
636468.4375 5190910
636468.4375 5190935
636518.4375 5190935
